[[ 0.079616    0.090909    0.10550996]
 [ 0.003767    0.090909    0.05392732]
 [ 0.379381    0.090909    0.15474795]
 [ 0.28511     0.090909    0.03399766]
 [ 0.14824     0.090909    0.06565064] --> 0.15 tabdil shod be --> 0.09(Choon nemikhastim tedaad ehtemalat yek ziadtar beshe)
 [ 0.003767    0.090909    0.14185229]
 [ 0.081285    0.090909    0.13716295]
 [ 0.003767    0.090909    0.02579132]
 [ 0.003767    0.090909    0.05744431]
 [ 0.007534    0.090909    0.12543962]
 [ 0.003767    0.090909    0.09847597]]
[[ 0.04845761]
 [-0.3078917 ]
 [ 0.75231703]
 [ 0.05136396]
 [-0.02336933]
 [ 0.09270309]
 [ 0.19534158]
 [-0.43608203]
 [-0.29186791]
 [ 0.02395137]
 [-0.10492367]]
[[ 0.42]
 [ 0.2 ]
 [ 1.  ]
 [ 0.5 ]
 [ 0.42]
 [ 0.46]
 [ 0.54]
 [ 0.2 ]
 [ 0.2 ]
 [ 0.38]
 [ 0.29]]