[[ 0.094708    0.090909    0.10550996]
 [ 0.050676    0.090909    0.05392732]
 [ 0.13914999  0.090909    0.15474795]
 [ 0.161652    0.090909    0.03399766]
 [ 0.12667     0.090909    0.06565064]--> 0.12667 tabdil shod be 0.10
 [ 0.06118     0.090909    0.14185229]
 [ 0.091831    0.090909    0.13716295]
 [ 0.050676    0.090909    0.02579132]
 [ 0.064476    0.090909    0.05744431]
 [ 0.101352    0.090909    0.12543962]
 [ 0.057628    0.090909    0.09847597]]
[[ 0.56]
 [ 0.2 ]
 [ 1.  ]
 [ 0.67]
 [ 0.67]--> tabdil shod be 0.4
 [ 0.56]
 [ 0.72]
 [ 0.2 ]
 [ 0.22]
 [ 0.67]
 [ 0.33]]
%%%%%%%%%%Tagheerati dar baghie ham dada ta manteghi be nazar biad!%%%%%%%