Core:
0.515666666667 0.562333333333

Number of Hits
[[ 1.258]
 [ 1.192]
 [ 0.644]
 [ 0.   ]
 [ 0.   ]
 [ 0.   ]]
[[ 1.288]
 [ 1.326]
 [ 0.76 ]
 [ 0.   ]
 [ 0.   ]
 [ 0.   ]]

Number of Hits+Misses
[[  7.73816000e+02]
 [  8.70300000e+01]
 [  1.30600000e+00]
 [  1.07600000e+00]
 [  2.90000000e-01]
 [  0.00000000e+00]]
[[  7.73836000e+02]
 [  8.70840000e+01]
 [  1.34400000e+00]
 [  1.12800000e+00]
 [  3.06000000e-01]
 [  0.00000000e+00]]

Hit Ratio: 
0.084738477489
0.0970612172542 --> 15%

[[ 0.00162571]
 [ 0.01369643]
 [ 0.49310873]
 [ 0.        ]
 [ 0.        ]
 [ 0.        ]]
[[ 0.00166444]
 [ 0.01522668]
 [ 0.56547619]
 [ 0.        ]
 [ 0.        ]
=========================
Different Routers:
[ 16.7] [ 16.7]
[ 9.] [ 9.]
[ 23.9] [ 23.9]
[ 14.3] [ 28.3]
[ 12.7] [ 12.7]
[ 10.7] [ 10.7]
[ 16.1] [ 16.1]
[ 8.1] [ 8.1]
[ 14.3] [ 14.3]
[ 18.] [ 18.]
[ 10.9] [ 10.9]
=========================

Unique Hits:
0.515666674599 0.562333340769
[[ 1.25800002]
 [ 1.19200002]
 [ 0.64400001]
 [ 0.        ]
 [ 0.        ]
 [ 0.        ]]
[[ 1.28800002]
 [ 1.32600001]
 [ 0.76000001]
 [ 0.        ]
 [ 0.        ]
 [ 0.        ]]

=========================
Src:
0.145 0.128333333333

Number of Hits
[[ 0.435]
 [ 0.   ]
 [ 0.   ]]
[[ 0.385]
 [ 0.   ]
 [ 0.   ]]

Number of Hits+Misses
[[ 120.247]
 [   0.17 ]
 [   0.   ]]
[[ 120.197]
 [   0.17 ]
 [   0.   ]]

Hit Ratio: 
0.00120585128943
0.00106769165065 -->11.5%
[[ 0.00361755]
 [ 0.        ]
 [ 0.        ]]
[[ 0.00320307]
 [ 0.        ]
 [ 0.        ]]
========================
AppDelay:
1.027115 
1.027019 

0
[[ 5.135575]
 [ 0.      ]
 [ 0.      ]]
[[ 5.135094]	--> 0.01%
 [ 0.      ]
 [ 0.      ]]
